0 0.309017 0.587785 0.809017 0.951057 1 0.951057 0.809017 0.587785 0.309017 -2.06823e-13 -0.309017 -0.587785 -0.809017 -0.951057 -1 -0.951057 -0.809017 -0.587785 -0.309017 4.13646e-13 0.309017 0.587785 0.809017 0.951057 1 0.951057 0.809017 0.587785 0.309017 -6.19581e-13 -0.309017 -0.587785 -0.809017 -0.951057 -1 -0.951057 -0.809017 -0.587785 0 
-0.037082 0.127237 0.427429 0.685781 0.877004 0.98238 0.991594 0.903744 0.727429 0.479908 0.18541 -0.127237 -0.427429 -0.685781 -0.877004 -0.98238 -0.991594 -0.903744 -0.727429 -0.479908 -0.18541 0.127237 0.427429 0.685781 0.877004 0.98238 0.991594 0.903744 0.727429 0.479908 0.18541 -0.127237 -0.427429 -0.685781 -0.877004 -0.98238 -0.991594 -0.903744 -0.764511 -0.282137 
-0.174427 0.0123406 0.252334 0.538825 0.772572 0.930694 0.997714 0.96707 0.841762 0.634058 0.364287 0.0588569 -0.252334 -0.538825 -0.772572 -0.930694 -0.997714 -0.96707 -0.841762 -0.634058 -0.364287 -0.0588569 0.252334 0.538825 0.772572 0.930694 0.997714 0.96707 0.841762 0.634058 0.364287 0.0588569 -0.252334 -0.538825 -0.772572 -0.930694 -0.997714 -0.96262 -0.889227 -0.543083 
-0.373794 -0.106107 0.102758 0.37326 0.641399 0.846753 0.969222 0.996816 0.926835 0.766128 0.530428 0.242806 -0.0685836 -0.37326 -0.641399 -0.846753 -0.969222 -0.996816 -0.926835 -0.766128 -0.530428 -0.242806 0.0685836 0.37326 0.641399 0.846753 0.969222 0.996816 0.926835 0.766128 0.530428 0.242806 -0.0685836 -0.37326 -0.641399 -0.846753 -0.969756 -0.988272 -0.965993 -0.753471 
-0.588161 -0.25966 -0.0299571 0.211242 0.48805 0.733487 0.907125 0.991968 0.97971 0.871551 0.678079 0.418232 0.117445 -0.194839 -0.48805 -0.733487 -0.907125 -0.991968 -0.97971 -0.871551 -0.678079 -0.418232 -0.117445 0.194839 0.48805 0.733487 0.907125 0.991968 0.97971 0.871551 0.678079 0.418232 0.117445 -0.194839 -0.48805 -0.733423 -0.908492 -0.982058 -1.00219 -0.901043 
-0.777765 -0.444905 -0.169159 0.0622498 0.32573 0.59484 0.813598 0.952715 0.998573 0.946684 0.802127 0.579053 0.299296 -0.00975731 -0.317856 -0.59484 -0.813598 -0.952715 -0.998573 -0.946684 -0.802127 -0.579053 -0.299296 0.00975731 0.317856 0.59484 0.813598 0.952715 0.998573 0.946684 0.802127 0.579053 0.299296 -0.00975731 -0.317864 -0.594635 -0.815631 -0.94433 -1.00466 -0.987139 
-0.918208 -0.637767 -0.329286 -0.0804438 0.166966 0.439416 0.6919 0.880436 0.982788 0.988938 0.898284 0.719699 0.470666 0.17556 -0.13673 -0.435637 -0.6919 -0.880436 -0.982788 -0.988938 -0.898284 -0.719699 -0.470666 -0.17556 0.13673 0.435637 0.6919 0.880436 0.982788 0.988938 0.898284 0.719699 0.470666 0.175561 -0.13676 -0.435265 -0.694109 -0.875315 -0.977807 -1.02068 
-1.00105 -0.809396 -0.507218 -0.229577 0.0155153 0.278342 0.548084 0.777656 0.932921 0.996864 0.963228 0.835304 0.625615 0.354686 0.0490379 -0.26141 -0.54627 -0.777656 -0.932921 -0.996864 -0.963228 -0.835304 -0.625615 -0.354686 -0.0490379 0.26141 0.54627 0.777656 0.932921 0.996864 0.963228 0.835304 0.625614 0.35469 0.0489749 -0.260921 -0.54812 -0.776037 -0.923466 -1.01239 
-1.02949 -0.937649 -0.685581 -0.392256 -0.133668 0.119816 0.391059 0.64883 0.850721 0.970208 0.994724 0.92187 0.758777 0.521409 0.233003 -0.078212 -0.381771 -0.647959 -0.850721 -0.970208 -0.994724 -0.92187 -0.758777 -0.521409 -0.233003 0.078212 0.381771 0.647959 0.850721 0.970208 0.994724 0.92187 0.758776 0.52142 0.232906 -0.0777075 -0.382914 -0.648945 -0.842029 -0.971071 
-1.01247 -1.01198 -0.841772 -0.564082 -0.288209 -0.0344055 0.22993 0.500873 0.739475 0.909912 0.991699 0.976411 0.865546 0.669955 0.408784 0.107598 -0.20412 -0.495857 -0.739057 -0.909912 -0.991699 -0.976411 -0.865546 -0.669955 -0.408784 -0.107598 0.20412 0.495857 0.739057 0.909912 0.991699 0.976411 0.865544 0.669972 0.408666 0.108012 -0.204491 -0.49808 -0.733864 -0.90212 
-0.959561 -1.03264 -0.956796 -0.730478 -0.451084 -0.187951 0.0705358 0.342188 0.604493 0.818288 0.954276 0.997053 0.942232 0.795179 0.570288 0.289573 -0.0194868 -0.326639 -0.601818 -0.818087 -0.954276 -0.997053 -0.942232 -0.795179 -0.570288 -0.289573 0.0194868 0.326639 0.601818 0.818087 0.954276 0.997053 0.942229 0.795204 0.570172 0.289826 -0.0192592 -0.328864 -0.600497 -0.808115 
-0.878097 -1.00666 -1.02036 -0.872638 -0.616769 -0.345274 -0.0861362 0.180318 0.452932 0.699348 0.883868 0.983098 0.986193 0.892751 0.711921 0.461404 0.16572 -0.146185 -0.44378 -0.697935 -0.883772 -0.983098 -0.986193 -0.892751 -0.711921 -0.461404 -0.16572 0.146185 0.44378 0.697935 0.883772 0.983099 0.986188 0.89278 0.711828 0.461482 0.166254 -0.147658 -0.445199 -0.690285 
-0.772519 -0.943309 -1.03151 -0.974249 -0.772166 -0.506688 -0.242497 0.0197066 0.292507 0.558926 0.783391 0.935097 0.99592 0.959303 0.828782 0.617134 0.345077 0.0392412 -0.270436 -0.55364 -0.782651 -0.93505 -0.99592 -0.959303 -0.828782 -0.617134 -0.345077 -0.0392412 0.270436 0.55364 0.782651 0.935051 0.995914 0.95933 0.828727 0.617076 0.345633 0.0387251 -0.272969 -0.550106 
-0.645266 -0.850745 -0.996046 -1.02599 -0.901023 -0.66582 -0.400773 -0.138887 0.129593 0.404109 0.657443 0.854979 0.971119 0.992542 0.91683 0.751372 0.512365 0.223204 -0.0878062 -0.390221 -0.654438 -0.854594 -0.971097 -0.992542 -0.91683 -0.751372 -0.512365 -0.223204 0.0878062 0.390221 0.654438 0.854596 0.97109 0.992563 0.916814 0.751241 0.512754 0.223444 -0.0900992 -0.39039 
-0.498268 -0.734679 -0.922709 -1.02661 -0.989229 -0.810523 -0.559422 -0.29681 -0.0322195 0.241941 0.512138 0.746225 0.912801 0.991344 0.973026 0.859472 0.661787 0.399322 0.0977682 -0.213356 -0.503595 -0.744539 -0.912602 -0.991334 -0.973026 -0.859472 -0.661787 -0.399322 -0.0977683 0.213356 0.503595 0.744541 0.912596 0.991346 0.973042 0.859335 0.661945 0.399938 0.0964366 -0.215666 
-0.33425 -0.598638 -0.819987 -0.981223 -1.02862 -0.926434 -0.711464 -0.454615 -0.192122 0.0779204 0.354353 0.613874 0.823419 0.955842 0.995445 0.9377 0.788172 0.561492 0.279849 -0.0291875 -0.335367 -0.608718 -0.822484 -0.955739 -0.99544 -0.9377 -0.788172 -0.561492 -0.279849 0.0291876 0.335367 0.60872 0.822479 0.955742 0.995473 0.937601 0.788133 0.562122 0.27957 -0.0319442 
-0.157416 -0.44517 -0.694391 -0.898143 -1.01813 -1.00128 -0.845472 -0.609401 -0.350524 -0.084872 0.190523 0.464159 0.706947 0.887526 0.983365 0.983361 0.887147 0.704096 0.452122 0.155892 -0.155599 -0.451858 -0.703886 -0.887013 -0.983313 -0.983359 -0.887147 -0.704096 -0.452122 -0.155891 0.155598 0.451859 0.703883 0.887008 0.983347 0.983315 0.886999 0.704514 0.452576 0.153859 
0.0265263 -0.277142 -0.550315 -0.785943 -0.962558 -1.02806 -0.948587 -0.75378 -0.506663 -0.245432 0.0254971 0.303679 0.568739 0.789348 0.937363 0.994909 0.955296 0.822197 0.608617 0.335461 0.0294677 -0.27941 -0.560937 -0.787556 -0.937083 -0.994882 -0.955295 -0.822197 -0.608617 -0.335461 -0.0294681 0.279411 0.560937 0.787548 0.937108 0.994888 0.955129 0.822339 0.609352 0.334596 
0.21084 -0.0986003 -0.390916 -0.651648 -0.869922 -1.00616 -1.01011 -0.876942 -0.656627 -0.403335 -0.137931 0.138344 0.415037 0.665694 0.85941 0.97204 0.990282 0.911714 0.743914 0.503295 0.21341 -0.0973655 -0.39861 -0.660836 -0.858374 -0.971889 -0.990269 -0.911714 -0.743914 -0.503295 -0.21341 0.097366 0.398611 0.660827 0.858385 0.971925 0.990148 0.911637 0.744557 0.503448 
0.388425 0.085009 -0.219317 -0.500304 -0.748802 -0.94029 -1.0242 -0.967302 -0.792773 -0.556763 -0.298478 -0.0274707 0.252146 0.522132 0.75291 0.915789 0.990954 0.969563 0.853333 0.653578 0.389848 0.087956 -0.222545 -0.511263 -0.749934 -0.915196 -0.990873 -0.969556 -0.853332 -0.653578 -0.389848 -0.087956 0.222548 0.511257 0.749933 0.915239 0.990823 0.969372 0.853688 0.654293 
0.552451 0.267168 -0.039522 -0.33561 -0.606545 -0.838308 -0.990748 -1.01555 -0.904868 -0.701042 -0.454976 -0.191108 0.0855315 0.364846 0.622592 0.828587 0.957442 0.993778 0.933094 0.781108 0.552665 0.270124 -0.0388587 -0.344038 -0.61554 -0.826789 -0.957106 -0.993735 -0.93309 -0.781108 -0.552666 -0.270125 0.0388608 0.344035 0.615531 0.826822 0.957117 0.99355 0.933144 0.781907 
0.696824 0.440906 0.14322 -0.160976 -0.448685 -0.708769 -0.9146 -1.01693 -0.982456 -0.828407 -0.604752 -0.350961 -0.0807732 0.199845 0.474154 0.714247 0.891231 0.983619 0.980461 0.881474 0.696223 0.442822 0.146075 -0.164972 -0.459869 -0.709752 -0.890159 -0.983431 -0.980438 -0.881473 -0.696223 -0.442822 -0.146073 0.164972 0.459858 0.709767 0.890203 0.983311 0.980287 0.882035 
0.816435 0.599469 0.322613 0.0195631 -0.279374 -0.559228 -0.803521 -0.971948 -1.01749 -0.929189 -0.742561 -0.505203 -0.244138 0.0322313 0.313675 0.577764 0.795192 0.939652 0.993855 0.951218 0.815552 0.600064 0.325839 0.0197183 -0.288332 -0.568159 -0.792371 -0.939019 -0.99375 -0.951206 -0.815551 -0.600065 -0.325838 -0.0197161 0.288324 0.568159 0.792421 0.938982 0.993529 0.951422 
0.907265 0.736836 0.49187 0.200899 -0.102302 -0.395583 -0.66605 -0.885638 -1.00623 -0.993969 -0.860625 -0.650463 -0.402613 -0.134199 0.146891 0.42491 0.673492 0.863807 0.972954 0.987964 0.90653 0.736405 0.494201 0.203622 -0.106889 -0.406937 -0.667151 -0.86206 -0.972585 -0.987906 -0.906523 -0.736405 -0.494201 -0.203619 0.106884 0.406926 0.667188 0.862087 0.972399 0.987831 
0.966388 0.848038 0.64437 0.376949 0.0784285 -0.222352 -0.509875 -0.765765 -0.949814 -1.01585 -0.94985 -0.781083 -0.553791 -0.296769 -0.0213944 0.261631 0.531335 0.759358 0.918762 0.990531 0.966033 0.84713 0.645329 0.380362 0.0781622 -0.231688 -0.518859 -0.755241 -0.917694 -0.990317 -0.966001 -0.847126 -0.645329 -0.380359 -0.0781625 0.231675 0.518874 0.755298 0.917598 0.990092 
0.991968 0.929286 0.774221 0.541134 0.257812 -0.0434747 -0.341157 -0.620852 -0.853546 -0.992075 -1.00178 -0.889366 -0.693734 -0.453184 -0.187537 0.0934144 0.374514 0.630778 0.833636 0.959022 0.992061 0.928419 0.773989 0.54381 0.2604 -0.0484994 -0.352651 -0.622283 -0.831002 -0.958376 -0.991938 -0.928402 -0.773988 -0.543808 -0.260397 0.048489 0.352648 0.622339 0.830994 0.958139 
0.983252 0.977981 0.876623 0.687014 0.429961 0.136865 -0.164706 -0.458675 -0.72523 -0.924416 -1.01061 -0.966802 -0.816503 -0.600526 -0.348762 -0.0751742 0.208835 0.483428 0.721218 0.894872 0.983839 0.977499 0.875737 0.688305 0.433505 0.136271 -0.174303 -0.467814 -0.715532 -0.893209 -0.983453 -0.977429 -0.875728 -0.688304 -0.433501 -0.136276 0.174289 0.467848 0.715582 0.89305 
0.940588 0.992674 0.948028 0.808873 0.588518 0.31374 0.0153242 -0.285584 -0.573381 -0.818463 -0.974496 -1.00587 -0.914564 -0.734407 -0.502439 -0.240577 0.0395591 0.323089 0.58624 0.800842 0.941895 0.992753 0.947075 0.808849 0.591477 0.316212 0.00999382 -0.297202 -0.575306 -0.797095 -0.940859 -0.992524 -0.947035 -0.808844 -0.591474 -0.316212 -0.0100093 0.297212 0.575374 0.797041 
0.865435 0.97303 0.986157 0.90211 0.727262 0.481443 0.194672 -0.106612 -0.405829 -0.6821 -0.895836 -1.00177 -0.980009 -0.848718 -0.645207 -0.399887 -0.12893 0.155416 0.434175 0.680907 0.868087 0.973823 0.985588 0.901282 0.728847 0.485085 0.193842 -0.116376 -0.415202 -0.673385 -0.865652 -0.973183 -0.985453 -0.90126 -0.728843 -0.485082 -0.193853 0.116366 0.415256 0.673415 
0.760354 0.919809 0.989942 0.963434 0.840687 0.633848 0.368477 0.0739104 -0.229052 -0.523841 -0.780531 -0.95353 -1.00621 -0.936159 -0.772331 -0.550156 -0.293111 -0.0145211 0.270763 0.540014 0.765552 0.921658 0.990057 0.962441 0.840867 0.63704 0.370865 0.0683879 -0.240783 -0.526385 -0.76046 -0.920096 -0.989667 -0.962363 -0.840855 -0.637034 -0.370869 -0.0684058 0.24081 0.526456 
0.628949 0.834855 0.959459 0.990887 0.924426 0.764976 0.531203 0.251658 -0.0482554 -0.35154 -0.63656 -0.864169 -0.989328 -0.989441 -0.877629 -0.687645 -0.449923 -0.182478 0.101517 0.383709 0.638561 0.838519 0.96054 0.990285 0.923682 0.766818 0.534926 0.250677 -0.0581089 -0.361207 -0.628948 -0.835122 -0.959549 -0.99005 -0.923637 -0.766808 -0.534924 -0.250694 0.0581086 0.361278 
0.475758 0.721067 0.895878 0.983777 0.975462 0.869565 0.676959 0.421829 0.132097 -0.171761 -0.472437 -0.739898 -0.929238 -1.0028 -0.954097 -0.807364 -0.596123 -0.344931 -0.068664 0.217675 0.492237 0.727897 0.8984 0.984 0.974475 0.86994 0.680344 0.424171 0.12648 -0.183591 -0.475691 -0.721227 -0.896164 -0.983379 -0.974335 -0.869912 -0.680336 -0.424181 -0.126497 0.183636 
0.306103 0.582342 0.801421 0.942583 0.992161 0.943508 0.800025 0.579059 0.307631 0.0101721 -0.296017 -0.588796 -0.829527 -0.973337 -0.995085 -0.903145 -0.727662 -0.498655 -0.235633 0.0472845 0.332168 0.59432 0.806287 0.944055 0.991591 0.942868 0.802091 0.582857 0.30658 0.000295215 -0.306019 -0.582377 -0.801729 -0.942601 -0.991207 -0.942784 -0.802071 -0.582857 -0.306601 -0.000282241 
0.125889 0.423457 0.679323 0.868876 0.974202 0.984079 0.895413 0.717694 0.473612 0.189695 -0.113913 -0.419374 -0.696719 -0.901699 -0.995679 -0.968334 -0.839374 -0.640141 -0.395834 -0.122702 0.163966 0.443051 0.68801 0.872222 0.974621 0.983148 0.895972 0.721242 0.475947 0.18407 -0.125825 -0.423403 -0.679535 -0.86915 -0.973687 -0.982912 -0.895919 -0.721231 -0.475962 -0.184081 
-0.058605 0.249921 0.533761 0.765252 0.92246 0.989978 0.959299 0.832289 0.624842 0.362408 0.0684743 -0.239472 -0.538996 -0.792031 -0.95385 -0.996934 -0.925183 -0.76509 -0.545877 -0.288205 -0.00712499 0.279695 0.548324 0.771513 0.924446 0.989516 0.958784 0.834548 0.628714 0.361358 0.0586339 -0.24983 -0.533838 -0.76559 -0.922402 -0.988923 -0.958638 -0.834513 -0.628717 -0.361381 
-0.24096 0.0677675 0.369739 0.635271 0.838898 0.961251 0.989266 0.918148 0.755908 0.523648 0.246516 -0.0557146 -0.36486 -0.651156 -0.871006 -0.984864 -0.978835 -0.86824 -0.68202 -0.445617 -0.176462 0.109786 0.3926 0.64603 0.843229 0.96197 0.988444 0.918881 0.759597 0.526016 0.240957 -0.0676862 -0.369704 -0.635532 -0.83915 -0.960627 -0.98807 -0.918789 -0.759579 -0.526035 
-0.414844 -0.116658 0.192929 0.483381 0.726475 0.89916 0.984353 0.971753 0.861654 0.668389 0.415807 0.126454 -0.182115 -0.487352 -0.751815 -0.930936 -0.995 -0.943672 -0.799774 -0.591389 -0.340006 -0.0615508 0.226437 0.50072 0.734325 0.901798 0.984084 0.971386 0.864083 0.672342 0.414823 0.116705 -0.192836 -0.4835 -0.726836 -0.899025 -0.983211 -0.971149 -0.864025 -0.672345 
-0.574227 -0.296938 0.00947272 0.314792 0.589067 0.806048 0.944972 0.991013 0.937694 0.791466 0.571769 0.302371 0.00262648 -0.309102 -0.603378 -0.83727 -0.970409 -0.985577 -0.893851 -0.72158 -0.494085 -0.229768 0.0552892 0.341032 0.602098 0.811536 0.946111 0.990357 0.938597 0.79528 0.574206 0.296946 -0.00937668 -0.314781 -0.589372 -0.806272 -0.944249 -0.989794 -0.938446 -0.795252 
-0.713593 -0.466806 -0.174243 0.135326 0.431378 0.685226 0.872764 0.975312 0.980834 0.888019 0.709551 0.467652 0.183912 -0.124159 -0.434059 -0.709025 -0.904682 -0.989303 -0.958552 -0.831569 -0.635 -0.390847 -0.115827 0.172547 0.451653 0.694857 0.876205 0.97533 0.98064 0.890601 0.713593 0.46679 0.174307 -0.135236 -0.43154 -0.685603 -0.872555 -0.974094 -0.980276 -0.890508 
-0.828127 -0.620371 -0.351821 -0.0487932 0.258811 0.540875 0.77044 0.925426 0.989321 0.953986 0.824244 0.617812 0.357075 0.0609026 -0.252311 -0.553562 -0.800612 -0.952375 -0.988551 -0.916109 -0.758652 -0.541043 -0.282442 0.000634713 0.288498 0.556357 0.777263 0.927113 0.988896 0.955061 0.828173 0.620353 0.351844 0.0489011 -0.258827 -0.541219 -0.770633 -0.924613 -0.988081 -0.954827 
-0.913874 -0.75232 -0.517089 -0.231159 0.0773134 0.377936 0.64165 0.843365 0.962892 0.986516 0.911292 0.748188 0.51777 0.240651 -0.0658183 -0.379316 -0.663817 -0.875188 -0.979879 -0.969776 -0.860345 -0.676527 -0.440539 -0.169786 0.11818 0.401276 0.653246 0.847771 0.9633 0.986528 0.914018 0.752328 0.517082 0.231241 -0.0772305 -0.378141 -0.642036 -0.843087 -0.961607 -0.985993 
-0.967877 -0.858094 -0.664311 -0.405422 -0.106828 0.201992 0.490862 0.732199 0.902684 0.984203 0.966972 0.854128 0.661625 0.410444 0.118907 -0.194697 -0.501892 -0.761167 -0.93084 -0.987758 -0.93493 -0.793078 -0.586304 -0.334303 -0.0540147 0.235154 0.508958 0.740536 0.905059 0.98408 0.968226 0.858169 0.664301 0.405461 0.106945 -0.202036 -0.491241 -0.73236 -0.901791 -0.982942 
-0.988282 -0.934044 -0.788393 -0.56552 -0.287212 0.0190937 0.323244 0.595899 0.811069 0.947142 0.988784 0.931394 0.784168 0.565995 0.296477 -0.00730379 -0.323325 -0.616354 -0.842567 -0.966776 -0.977309 -0.88598 -0.715796 -0.488898 -0.223253 0.0634964 0.349742 0.609636 0.816605 0.948052 0.989043 0.93426 0.788418 0.565526 0.28731 -0.0190208 -0.323488 -0.596291 -0.810726 -0.945797 
-0.974398 -0.977556 -0.88505 -0.705896 -0.457556 -0.164431 0.144533 0.439204 0.691458 0.87683 0.975683 0.976608 0.881017 0.70306 0.4623 0.176434 -0.136471 -0.448555 -0.719079 -0.905892 -0.983213 -0.95024 -0.824712 -0.629687 -0.385173 -0.108493 0.181157 0.46005 0.701486 0.880039 0.975941 0.978057 0.885169 0.7059 0.457614 0.164554 -0.144607 -0.439613 -0.691589 -0.875865 
-0.926723 -0.987141 -0.950952 -0.821691 -0.611935 -0.342207 -0.0391301 0.267491 0.548132 0.775989 0.928122 0.987635 0.948256 0.817371 0.612169 0.351198 0.051173 -0.266292 -0.56681 -0.806943 -0.950056 -0.981131 -0.908368 -0.75264 -0.535741 -0.276057 0.00865787 0.297209 0.564171 0.782825 0.929654 0.988188 0.951268 0.821744 0.611958 0.342322 0.0391909 -0.267774 -0.548527 -0.775588 
-0.846928 -0.962483 -0.983834 -0.908907 -0.744985 -0.508045 -0.221401 0.0866362 0.386081 0.648362 0.847957 0.963794 0.982864 0.90482 0.741982 0.512467 0.233281 -0.0778465 -0.393745 -0.674506 -0.877633 -0.974946 -0.961982 -0.853418 -0.671015 -0.434871 -0.162632 0.126669 0.409791 0.660252 0.852152 0.964522 0.984532 0.909089 0.745012 0.508123 0.22153 -0.0867401 -0.386518 -0.648463 
-0.737798 -0.904455 -0.982577 -0.964542 -0.8521 -0.656174 -0.395955 -0.0971553 0.210874 0.498516 0.738251 0.905904 0.983076 0.961821 0.847686 0.656137 0.404625 0.109402 -0.208423 -0.515366 -0.768454 -0.929791 -0.981232 -0.927417 -0.786905 -0.580889 -0.328023 -0.0461697 0.243837 0.517002 0.746556 0.908183 0.98398 0.964991 0.852196 0.656221 0.396087 0.0972027 -0.211191 -0.498914 
-0.603135 -0.815085 -0.947242 -0.986692 -0.929584 -0.781445 -0.556716 -0.277543 0.028503 0.33168 0.603059 0.81617 0.948584 0.98572 0.925457 0.778262 0.560778 0.289248 -0.0190334 -0.337662 -0.627611 -0.846177 -0.962998 -0.97011 -0.879073 -0.710121 -0.483221 -0.21626 0.071854 0.358337 0.616975 0.821506 0.949877 0.987642 0.929854 0.781505 0.556817 0.277674 -0.0286356 -0.332141 
-0.447624 -0.69749 -0.879073 -0.974609 -0.974772 -0.879519 -0.698087 -0.448271 -0.15478 0.153589 0.447224 0.697987 0.880569 0.975126 0.972047 0.875014 0.697753 0.456576 0.167177 -0.149927 -0.462208 -0.727247 -0.906071 -0.977621 -0.943045 -0.818446 -0.624168 -0.378975 -0.100819 0.189788 0.468285 0.707927 0.883727 0.976449 0.975394 0.879675 0.698164 0.44842 0.154814 -0.153939 
-0.276671 -0.555764 -0.780449 -0.928732 -0.986124 -0.947012 -0.815152 -0.603402 -0.33266 -0.0296642 0.276188 0.555711 0.781583 0.930108 0.985169 0.942861 0.81178 0.607069 0.344141 0.0397571 -0.280508 -0.578569 -0.811649 -0.947426 -0.974593 -0.901567 -0.746845 -0.530047 -0.269207 0.0168775 0.305849 0.571803 0.788216 0.932069 0.987387 0.947402 0.815259 0.60353 0.332795 0.0295046 
-0.0962156 -0.394837 -0.654806 -0.850669 -0.96327 -0.981609 -0.903855 -0.737531 -0.498976 -0.211805 0.095836 0.394435 0.655341 0.852209 0.963817 0.978898 0.899264 0.736882 0.506873 0.224293 -0.0910136 -0.40753 -0.683477 -0.878993 -0.970316 -0.955186 -0.847127 -0.66541 -0.42874 -0.15512 0.135228 0.418175 0.667075 0.856382 0.965632 0.982452 0.904095 0.737648 0.499143 0.211825 
0.0874786 -0.220303 -0.506518 -0.743143 -0.907021 -0.982137 -0.961136 -0.845993 -0.647943 -0.386563 -0.0876634 0.219799 0.506482 0.744319 0.908435 0.981215 0.956974 0.842426 0.651187 0.397768 0.0983157 -0.222489 -0.527561 -0.774187 -0.928296 -0.975415 -0.920801 -0.781035 -0.575176 -0.321299 -0.0380922 0.252493 0.524887 0.752405 0.911174 0.983781 0.96168 0.846163 0.648104 0.386703 
0.26804 -0.0382219 -0.340739 -0.609898 -0.819345 -0.948601 -0.985034 -0.925028 -0.774372 -0.547893 -0.268031 0.037815 0.340334 0.610464 0.820926 0.94919 0.982356 0.920358 0.773392 0.555343 0.280549 -0.0318938 -0.351531 -0.637313 -0.848669 -0.959352 -0.963788 -0.872826 -0.704454 -0.477145 -0.208902 0.0803248 0.366835 0.624144 0.826252 0.951582 0.98615 0.925378 0.77454 0.548082 
0.439211 0.145086 -0.163232 -0.455568 -0.7033 -0.882186 -0.974747 -0.971909 -0.873864 -0.690187 -0.439066 -0.145293 0.162709 0.455546 0.704512 0.883643 0.973876 0.967753 0.870101 0.692982 0.449944 0.156435 -0.163811 -0.474775 -0.733937 -0.905692 -0.972574 -0.936692 -0.812549 -0.618442 -0.372366 -0.0928852 0.198433 0.476383 0.7142 0.887275 0.97685 0.972649 0.874118 0.690387 
0.595071 0.323264 0.0198409 -0.285519 -0.562922 -0.785214 -0.930658 -0.985037 -0.942967 -0.808486 -0.594857 -0.323265 -0.0202724 0.285108 0.563513 0.786832 0.931299 0.98241 0.938228 0.807164 0.601823 0.335749 0.0272227 -0.294413 -0.588928 -0.815224 -0.944777 -0.968813 -0.895431 -0.741143 -0.52402 -0.261994 0.0252465 0.314429 0.579279 0.79345 0.934358 0.98649 0.94346 0.808719 
0.730239 0.490142 0.202127 -0.105658 -0.403094 -0.66106 -0.854319 -0.963983 -0.979298 -0.898673 -0.72999 -0.489988 -0.202354 0.105117 0.40308 0.662303 0.855822 0.963178 0.975163 0.894716 0.732315 0.500488 0.213912 -0.104686 -0.420406 -0.691056 -0.879707 -0.966081 -0.949169 -0.841256 -0.659682 -0.422235 -0.147331 0.143839 0.42645 0.673739 0.860467 0.96663 0.980283 0.899033 
0.840071 0.63995 0.377309 0.0777713 -0.229368 -0.514045 -0.748395 -0.909507 -0.981622 -0.957615 -0.839758 -0.639705 -0.377315 -0.0782249 0.228951 0.514654 0.75005 0.910209 0.979064 0.952818 0.838087 0.646154 0.3897 0.0861272 -0.236382 -0.538505 -0.778789 -0.926651 -0.970236 -0.914843 -0.775331 -0.569198 -0.314225 -0.0298356 0.261122 0.532633 0.758098 0.914033 0.98348 0.958288 
0.92083 0.767525 0.539321 0.258406 -0.0477801 -0.349278 -0.616574 -0.82352 -0.949888 -0.983281 -0.920336 -0.767217 -0.539153 -0.258649 0.0472223 0.349269 0.617841 0.82507 0.949163 0.979184 0.91619 0.769056 0.549227 0.270543 -0.0453229 -0.364652 -0.64571 -0.850447 -0.955963 -0.958173 -0.867033 -0.698739 -0.470739 -0.201258 0.0888813 0.375252 0.631162 0.83085 0.953168 0.984566 
0.96982 0.868496 0.682569 0.429988 0.135369 -0.172484 -0.463439 -0.709021 -0.885224 -0.974806 -0.968924 -0.868082 -0.682284 -0.429996 -0.135842 0.172058 0.464059 0.710709 0.885996 0.972333 0.964083 0.86606 0.688187 0.442215 0.144612 -0.177647 -0.486234 -0.739511 -0.90505 -0.968049 -0.930975 -0.80688 -0.612517 -0.365425 -0.0847499 0.207085 0.484363 0.720322 0.890688 0.977144 
0.985494 0.939443 0.802124 0.586581 0.313728 0.0102002 -0.29431 -0.569997 -0.789897 -0.932512 -0.983848 -0.938782 -0.801742 -0.586393 -0.313984 -0.0107739 0.2943 0.571282 0.791498 0.931881 0.979806 0.934456 0.803083 0.595994 0.326133 0.0140677 -0.307719 -0.598073 -0.818031 -0.942258 -0.963662 -0.889769 -0.735462 -0.51771 -0.254494 0.0337309 0.322954 0.586618 0.798538 0.936524 
