0 0.156434 0.309017 0.45399 0.587785 0.707107 0.809017 0.891007 0.951057 0.987688 1 0.987688 0.951057 0.891007 0.809017 0.707107 0.587785 0.45399 0.309017 0.156434 -2.06823e-13 -0.156434 -0.309017 -0.45399 -0.587785 -0.707107 -0.809017 -0.891007 -0.951057 -0.987688 -1 -0.987688 -0.951057 -0.891007 -0.809017 -0.707107 -0.587785 -0.45399 -0.309017 0 
0 0.0625738 0.217467 0.367006 0.507508 0.635514 0.747871 0.841813 0.915027 0.965709 0.992613 0.995075 0.973036 0.927037 0.858211 0.768253 0.659378 0.534267 0.396001 0.247984 0.0938607 -0.0625738 -0.217467 -0.367006 -0.507508 -0.635514 -0.747871 -0.841813 -0.915027 -0.965709 -0.992613 -0.995075 -0.973036 -0.927037 -0.858211 -0.768253 -0.659378 -0.534267 -0.396001 -0.18541 
-0.111246 0.0250295 0.124531 0.277283 0.423207 0.558711 0.680457 0.785448 0.871098 0.9353 0.976471 0.993598 0.986259 0.954636 0.899506 0.822228 0.724703 0.609334 0.478961 0.336794 0.186335 0.0312869 -0.124531 -0.277283 -0.423207 -0.558711 -0.680457 -0.785448 -0.871098 -0.9353 -0.976471 -0.993598 -0.986259 -0.954636 -0.899506 -0.822228 -0.724703 -0.609334 -0.478961 -0.311765 
-0.231557 -0.0567359 0.0648302 0.185632 0.335653 0.477409 0.607409 0.722453 0.819708 0.896779 0.951768 0.983322 0.990663 0.97361 0.932584 0.868595 0.783218 0.678555 0.557185 0.422094 0.27661 0.124316 -0.0310404 -0.185632 -0.335653 -0.477409 -0.607409 -0.722453 -0.819708 -0.896779 -0.951768 -0.983322 -0.990663 -0.97361 -0.932584 -0.868595 -0.783218 -0.678555 -0.557185 -0.412082 
-0.339872 -0.161629 -0.00810943 0.113151 0.24564 0.392355 0.529409 0.653427 0.761355 0.850536 0.918775 0.964389 0.986258 0.983842 0.9572 0.906988 0.834444 0.741353 0.630007 0.503148 0.363901 0.215692 0.0621732 -0.092877 -0.24564 -0.392355 -0.529409 -0.653427 -0.761355 -0.850536 -0.918775 -0.964389 -0.986258 -0.983842 -0.9572 -0.906988 -0.834444 -0.741353 -0.630007 -0.499144 
-0.435435 -0.268575 -0.100221 0.0403947 0.166147 0.304326 0.447177 0.579016 0.696598 0.797028 0.877832 0.937021 0.973137 0.985291 0.973185 0.937115 0.877971 0.797207 0.696815 0.579264 0.447449 0.304617 0.154285 0.000153106 -0.153982 -0.304326 -0.447177 -0.579016 -0.696598 -0.797028 -0.877832 -0.937021 -0.973137 -0.985291 -0.973185 -0.937115 -0.877971 -0.797207 -0.696815 -0.577662 
-0.520771 -0.368691 -0.201233 -0.0439747 0.0906955 0.221418 0.361466 0.499912 0.626049 0.73677 0.829349 0.901507 0.951467 0.977999 0.980449 0.958757 0.913457 0.845665 0.75705 0.649794 0.526538 0.390317 0.244484 0.0926321 -0.0615011 -0.21412 -0.361466 -0.499912 -0.626049 -0.73677 -0.829349 -0.901507 -0.951467 -0.977999 -0.980449 -0.958757 -0.913457 -0.845665 -0.75705 -0.649153 
-0.5978 -0.459939 -0.301708 -0.13833 0.00989336 0.142985 0.277438 0.416845 0.550367 0.670337 0.773802 0.858212 0.921491 0.96208 0.978979 0.971772 0.940637 0.886341 0.810219 0.714148 0.600492 0.472049 0.331984 0.183743 0.0309788 -0.122549 -0.273058 -0.416845 -0.550367 -0.670337 -0.773802 -0.858212 -0.921491 -0.96208 -0.978979 -0.971772 -0.940637 -0.886341 -0.810219 -0.713892 
-0.667455 -0.542656 -0.396647 -0.236357 -0.0790406 0.0631299 0.196766 0.3332 0.470254 0.598355 0.711723 0.807566 0.883524 0.937727 0.968839 0.976096 0.959318 0.918918 0.855892 0.771791 0.668685 0.549115 0.416023 0.272688 0.122638 -0.0304321 -0.182753 -0.330573 -0.470254 -0.598355 -0.711723 -0.807566 -0.883524 -0.937727 -0.968839 -0.976096 -0.959318 -0.918918 -0.855892 -0.771688 
-0.729995 -0.617535 -0.484252 -0.332531 -0.17343 -0.0221724 0.116584 0.25134 0.388022 0.521494 0.643702 0.75006 0.837949 0.905205 0.950172 0.971742 0.969385 0.943158 0.893708 0.822252 0.730549 0.620857 0.495878 0.358689 0.212668 0.0614097 -0.0913603 -0.241881 -0.386445 -0.521494 -0.643702 -0.75006 -0.837949 -0.905205 -0.950172 -0.971742 -0.969385 -0.943158 -0.893708 -0.822211 
-0.785324 -0.685011 -0.564222 -0.423564 -0.268891 -0.112927 0.0333303 0.170486 0.306012 0.441411 0.570377 0.686245 0.785216 0.864851 0.923192 0.9588 0.970799 0.958894 0.923378 0.865125 0.78557 0.686672 0.570866 0.441002 0.30028 0.152164 0.000301708 -0.151568 -0.299706 -0.440465 -0.570377 -0.686245 -0.785216 -0.864851 -0.923192 -0.9588 -0.970799 -0.958894 -0.923378 -0.865109 
-0.833195 -0.745199 -0.636696 -0.507959 -0.361694 -0.206505 -0.0544242 0.0881927 0.224697 0.360172 0.492997 0.616725 0.725833 0.81707 0.888187 0.937435 0.9636 0.966037 0.944688 0.900077 0.833303 0.746011 0.640349 0.51892 0.384714 0.241034 0.0914193 -0.0604464 -0.210824 -0.35601 -0.49243 -0.616725 -0.725833 -0.81707 -0.888187 -0.937435 -0.9636 -0.966037 -0.944688 -0.90007 
-0.87332 -0.797997 -0.701798 -0.585201 -0.449453 -0.299619 -0.145673 0.00262259 0.142794 0.278887 0.413302 0.542488 0.660368 0.762328 0.845517 0.907886 0.947901 0.964575 0.957497 0.926843 0.873368 0.798386 0.703746 0.591778 0.465238 0.327242 0.181188 0.0306731 -0.120597 -0.268898 -0.410578 -0.542148 -0.660368 -0.762328 -0.845517 -0.907886 -0.947901 -0.964575 -0.957497 -0.926841 
-0.905433 -0.843191 -0.759517 -0.655159 -0.530902 -0.389519 -0.23804 -0.0863546 0.0586913 0.197231 0.332653 0.464976 0.58964 0.701152 0.795604 0.870465 0.923892 0.95457 0.961744 0.945236 0.905453 0.843375 0.76053 0.658959 0.541162 0.410039 0.26882 0.120982 -0.0298351 -0.179918 -0.32557 -0.463206 -0.589436 -0.701152 -0.795604 -0.870465 -0.923892 -0.95457 -0.961744 -0.945235 
-0.929314 -0.880536 -0.809721 -0.717774 -0.605456 -0.474349 -0.328928 -0.177366 -0.0283363 0.114107 0.2514 0.385582 0.514842 0.634245 0.738933 0.825548 0.891836 0.936163 0.95744 0.955141 0.929323 0.880622 0.810237 0.719902 0.61184 0.488713 0.353552 0.209685 0.0606552 -0.0898681 -0.238179 -0.380624 -0.513698 -0.634122 -0.738933 -0.825548 -0.891836 -0.936163 -0.95744 -0.95514 
-0.94481 -0.909803 -0.85221 -0.772942 -0.672847 -0.553013 -0.41618 -0.268303 -0.117754 0.0286412 0.169024 0.305073 0.437286 0.562603 0.67612 0.773579 0.852063 0.909567 0.944674 0.95652 0.944813 0.909842 0.852468 0.774103 0.676677 0.562589 0.434648 0.296005 0.150073 0.000445906 -0.149192 -0.295157 -0.433854 -0.561868 -0.676046 -0.773579 -0.852063 -0.909567 -0.944674 -0.95652 
-0.951836 -0.930807 -0.886766 -0.820503 -0.732904 -0.624913 -0.49828 -0.357029 -0.208083 -0.059196 0.0847945 0.223444 0.357958 0.487413 0.60801 0.715104 0.804973 0.875065 0.92361 0.949412 0.951837 0.930825 0.886893 0.821122 0.735133 0.631042 0.511413 0.379191 0.237632 0.0902222 -0.0594094 -0.207578 -0.350636 -0.485059 -0.607539 -0.715059 -0.804973 -0.875065 -0.92361 -0.949412 
-0.950382 -0.943424 -0.91319 -0.860261 -0.785463 -0.689708 -0.57426 -0.44178 -0.297451 -0.148528 -0.00159982 0.140254 0.27725 0.40974 0.535652 0.650847 0.751051 0.833009 0.894483 0.933931 0.950382 0.943432 0.913252 0.860584 0.786726 0.693496 0.58319 0.458524 0.322567 0.178668 0.0303696 -0.118677 -0.264801 -0.404405 -0.534051 -0.650547 -0.751025 -0.833009 -0.894483 -0.933931 
-0.940511 -0.947599 -0.931331 -0.892018 -0.830342 -0.747161 -0.643529 -0.521268 -0.384048 -0.237882 -0.089757 0.0551418 0.195052 0.330246 0.460105 0.58173 0.690929 0.783834 0.857599 0.910262 0.940511 0.947602 0.93136 0.892185 0.831041 0.749434 0.649374 0.533324 0.404141 0.265008 0.119349 -0.029249 -0.177127 -0.320643 -0.456264 -0.58065 -0.690738 -0.783819 -0.857599 -0.910262 
-0.922362 -0.943346 -0.941091 -0.915606 -0.867348 -0.797069 -0.705708 -0.594624 -0.46638 -0.325582 -0.178632 -0.0317975 0.111106 0.24913 0.382189 0.508755 0.62541 0.728091 0.81334 0.878664 0.922362 0.943348 0.941106 0.91569 0.867727 0.798398 0.70941 0.602954 0.481651 0.348488 0.206744 0.0599097 -0.0884 -0.234533 -0.374891 -0.506018 -0.624685 -0.72797 -0.813331 -0.878664 
-0.896143 -0.930755 -0.942444 -0.930897 -0.896303 -0.839236 -0.760525 -0.661275 -0.543327 -0.410061 -0.266802 -0.119898 0.0253639 0.166315 0.302354 0.432816 0.555417 0.666482 0.762191 0.83947 0.896143 0.930756 0.942451 0.930939 0.896505 0.839996 0.762803 0.666828 0.554433 0.428386 0.29179 0.14801 0.000585797 -0.146853 -0.290676 -0.427342 -0.553485 -0.665999 -0.762114 -0.839464 
-0.862136 -0.909988 -0.935431 -0.937825 -0.917059 -0.873476 -0.807752 -0.720825 -0.614095 -0.49002 -0.352757 -0.20804 -0.0617934 0.0817445 0.220731 0.354538 0.481856 0.599843 0.704766 0.793102 0.862139 0.909988 0.935434 0.937846 0.917166 0.873901 0.809119 0.724413 0.62187 0.504014 0.373748 0.234278 0.0890405 -0.0583898 -0.204382 -0.345342 -0.477799 -0.598491 -0.704445 -0.793054 
-0.820687 -0.881277 -0.920165 -0.936389 -0.929519 -0.899626 -0.847186 -0.772981 -0.678133 -0.564465 -0.435115 -0.29487 -0.149542 -0.0043782 0.137339 0.274254 0.405465 0.529051 0.641812 0.7401 0.820717 0.881279 0.920167 0.936399 0.929574 0.89986 0.847988 0.775236 0.683396 0.574727 0.451907 0.31796 0.176183 0.0300684 -0.116787 -0.260766 -0.398325 -0.526076 -0.640872 -0.739889 
-0.772208 -0.844923 -0.896832 -0.926655 -0.933641 -0.917562 -0.87865 -0.817504 -0.735042 -0.632666 -0.512725 -0.379017 -0.236739 -0.0914762 0.0523087 0.192105 0.326738 0.4549 0.574155 0.681127 0.772347 0.844942 0.896834 0.92666 0.933669 0.917688 0.879111 0.818888 0.7385 0.639928 0.525599 0.398328 0.261249 0.117737 -0.0286737 -0.174379 -0.31579 -0.449425 -0.571994 -0.680479 
-0.717171 -0.801294 -0.865686 -0.908761 -0.929449 -0.927209 -0.901997 -0.854192 -0.784519 -0.694091 -0.58469 -0.459242 -0.322106 -0.178634 -0.0339623 0.108227 0.245958 0.378003 0.502602 0.616944 0.717615 0.801385 0.865699 0.908764 0.929463 0.927277 0.902258 0.855022 0.786733 0.699071 0.594197 0.474691 0.343497 0.203844 0.0591729 -0.0869557 -0.230943 -0.369244 -0.498453 -0.615388 
-0.656101 -0.75082 -0.827051 -0.882916 -0.917036 -0.928553 -0.917124 -0.882875 -0.826323 -0.748348 -0.650331 -0.534511 -0.404388 -0.264717 -0.120765 0.0229135 0.16332 0.298776 0.427842 0.548339 0.657213 0.751123 0.82711 0.882925 0.917044 0.928589 0.917269 0.883363 0.827706 0.751668 0.657122 0.546394 0.422213 0.287636 0.145976 0.000721475 -0.144551 -0.286264 -0.420928 -0.545227 
-0.589577 -0.693989 -0.781312 -0.849397 -0.896564 -0.921643 -0.923982 -0.903425 -0.860254 -0.795133 -0.709141 -0.604003 -0.482461 -0.348519 -0.207136 -0.0632937 0.079076 0.217502 0.350403 0.476041 0.591888 0.694777 0.781518 0.849436 0.896572 0.921662 0.924061 0.903707 0.8611 0.797291 0.713849 0.612831 0.496722 0.368382 0.230972 0.0878741 -0.0573874 -0.201236 -0.340129 -0.470647 
-0.518219 -0.631341 -0.728918 -0.808546 -0.868264 -0.906596 -0.922578 -0.915759 -0.886156 -0.834206 -0.760736 -0.667086 -0.555386 -0.428885 -0.291966 -0.149599 -0.00634585 0.134446 0.270662 0.400658 0.52238 0.633044 0.729473 0.808685 0.868291 0.906608 0.922621 0.915919 0.886664 0.835577 0.763914 0.673442 0.566387 0.445386 0.313418 0.173733 0.0297695 -0.114927 -0.256793 -0.392336 
-0.44269 -0.563468 -0.670372 -0.760769 -0.832433 -0.883597 -0.912989 -0.919851 -0.903918 -0.865376 -0.804818 -0.723276 -0.622406 -0.504786 -0.374117 -0.235019 -0.0922979 0.0499711 0.188933 0.322661 0.449347 0.566645 0.671615 0.761158 0.832527 0.883618 0.913013 0.919941 0.904217 0.866229 0.806912 0.727725 0.63062 0.517987 0.392599 0.257544 0.116147 -0.028109 -0.171673 -0.31101 
-0.363682 -0.491001 -0.60623 -0.706531 -0.789435 -0.852899 -0.895354 -0.915734 -0.913478 -0.888501 -0.841153 -0.772201 -0.682928 -0.575358 -0.452518 -0.318478 -0.177931 -0.0353903 0.105556 0.242424 0.373335 0.496266 0.608633 0.707432 0.789706 0.852963 0.895376 0.915784 0.913651 0.889022 0.842502 0.775237 0.688883 0.585567 0.467832 0.338577 0.200985 0.0584449 -0.0855347 -0.227408 
-0.281918 -0.41461 -0.537092 -0.64635 -0.739693 -0.81482 -0.869881 -0.903506 -0.914831 -0.903487 -0.869562 -0.813572 -0.736492 -0.6399 -0.526222 -0.398902 -0.262259 -0.120915 0.0209881 0.160303 0.294788 0.422508 0.541213 0.648153 0.740342 0.815009 0.869928 0.903539 0.914931 0.9038 0.870414 0.815596 0.740696 0.647557 0.538473 0.41613 0.28354 0.143969 0.000853036 -0.142284 
-0.198138 -0.334994 -0.463603 -0.580796 -0.683687 -0.769744 -0.836844 -0.883331 -0.908036 -0.910293 -0.889917 -0.847166 -0.78274 -0.697855 -0.594429 -0.475294 -0.344245 -0.205721 -0.0641535 0.0767141 0.214097 0.345876 0.46999 0.583989 0.685029 0.770209 0.836977 0.883373 0.908096 0.910478 0.890445 0.848487 0.785636 0.70344 0.603923 0.489536 0.363094 0.227712 0.0867227 -0.0564018 
-0.113096 -0.25288 -0.386438 -0.51048 -0.621952 -0.71811 -0.796584 -0.855439 -0.893213 -0.908939 -0.902143 -0.872817 -0.821396 -0.748786 -0.656485 -0.546775 -0.422874 -0.288836 -0.149094 -0.00780647 0.131667 0.266809 0.395522 0.515589 0.624405 0.719101 0.796916 0.855535 0.893262 0.909049 0.902465 0.873662 0.823347 0.752758 0.663633 0.558168 0.438959 0.308941 0.171316 0.0294729 
-0.0275547 -0.16901 -0.306303 -0.436055 -0.555069 -0.660415 -0.749499 -0.820126 -0.870548 -0.899503 -0.90622 -0.890412 -0.852248 -0.792352 -0.711865 -0.612601 -0.497215 -0.369259 -0.232939 -0.0925791 0.0479831 0.185724 0.318294 0.443549 0.559116 0.662283 0.750227 0.820364 0.870626 0.899577 0.906415 0.890944 0.853536 0.795111 0.717108 0.621447 0.510484 0.386952 0.253891 0.114579 
0.0577254 -0.0841367 -0.223927 -0.358204 -0.48366 -0.597207 -0.696049 -0.77775 -0.840295 -0.88213 -0.90219 -0.899897 -0.875147 -0.82829 -0.760157 -0.67216 -0.566446 -0.446032 -0.314731 -0.176795 -0.0363542 0.103079 0.238752 0.368396 0.489775 0.600383 0.697461 0.778281 0.840468 0.882206 0.902312 0.900227 0.875981 0.830166 0.76391 0.678844 0.577062 0.461071 0.333728 0.198166 
0.14199 0.000980571 -0.140053 -0.277638 -0.408386 -0.529079 -0.636744 -0.728729 -0.802768 -0.857029 -0.890154 -0.901273 -0.889997 -0.856404 -0.801037 -0.724958 -0.629874 -0.518281 -0.393512 -0.259557 -0.120619 0.0194192 0.157348 0.290609 0.416948 0.534018 0.639214 0.729789 0.803156 0.857164 0.890249 0.901478 0.890528 0.857655 0.803663 0.729883 0.638131 0.530666 0.410134 0.279503 
0.224498 0.0855862 -0.0554328 -0.195087 -0.329937 -0.456664 -0.572145 -0.673538 -0.758345 -0.824472 -0.870279 -0.894602 -0.896763 -0.87656 -0.834257 -0.770605 -0.686925 -0.585237 -0.468373 -0.33993 -0.203981 -0.0646035 0.0745909 0.210653 0.341145 0.463776 0.576097 0.675444 0.759136 0.824759 0.870398 0.89474 0.897098 0.877379 0.836058 0.774151 0.693182 0.595145 0.482453 0.357881 
0.304528 0.168933 0.0291786 -0.111294 -0.249027 -0.380628 -0.502856 -0.612702 -0.707461 -0.784796 -0.842795 -0.880008 -0.895466 -0.888681 -0.859639 -0.808796 -0.737133 -0.64625 -0.538491 -0.416996 -0.28555 -0.14823 -0.00892577 0.129016 0.26285 0.390197 0.508704 0.615835 0.708921 0.785385 0.843015 0.880135 0.895684 0.88921 0.860851 0.811295 0.741764 0.653967 0.550068 0.432624 
0.381386 0.25029 0.113031 -0.0270106 -0.166387 -0.301667 -0.429519 -0.546795 -0.650606 -0.738395 -0.807996 -0.85768 -0.886191 -0.892752 -0.877064 -0.839302 -0.780131 -0.70078 -0.603146 -0.489893 -0.364418 -0.230622 -0.0925085 0.0462508 0.182549 0.313789 0.4376 0.551557 0.65307 0.739506 0.808437 0.857863 0.886354 0.893094 0.877867 0.841029 0.783483 0.706645 0.612408 0.503091 
0.454409 0.328948 0.195387 0.0570145 -0.0827614 -0.220499 -0.352808 -0.476429 -0.588319 -0.685721 -0.766235 -0.827869 -0.869085 -0.888816 -0.886477 -0.861959 -0.815633 -0.74839 -0.661726 -0.557845 -0.439703 -0.3109 -0.175377 -0.0370048 0.10077 0.235045 0.363313 0.483183 0.592162 0.687644 0.767079 0.828207 0.869259 0.88905 0.887003 0.863131 0.81801 0.752748 0.66895 0.568681 
0.522972 0.404224 0.275523 0.140038 0.00110417 -0.137857 -0.273423 -0.402257 -0.521185 -0.62728 -0.717927 -0.790889 -0.844356 -0.876977 -0.88788 -0.87667 -0.843429 -0.788736 -0.713725 -0.620174 -0.510588 -0.388182 -0.25669 -0.120028 0.0181052 0.15448 0.286352 0.411261 0.526774 0.630355 0.719418 0.79153 0.844628 0.877176 0.888231 0.877454 0.845083 0.791905 0.719229 0.628842 
0.586494 0.475473 0.352744 0.221329 0.0844643 -0.0544801 -0.192083 -0.324956 -0.449828 -0.563623 -0.663539 -0.747112 -0.812276 -0.857404 -0.881338 -0.883396 -0.863374 -0.821552 -0.758732 -0.676304 -0.57634 -0.461626 -0.335585 -0.202025 -0.0647747 0.0726552 0.207229 0.336316 0.457466 0.568207 0.66598 0.748263 0.812769 0.857647 0.881598 0.883921 0.864506 0.823812 0.762835 0.683074 
0.644442 0.542086 0.426381 0.300178 0.166583 0.0288865 -0.109521 -0.245232 -0.374905 -0.495346 -0.603589 -0.696968 -0.773177 -0.830327 -0.866978 -0.882161 -0.875387 -0.846645 -0.796424 -0.725761 -0.636318 -0.530454 -0.411209 -0.282161 -0.147125 -0.00980276 0.126485 0.258864 0.384776 0.501762 0.607316 0.698893 0.774065 0.83072 0.867227 0.882527 0.876155 0.848228 0.799421 0.73093 
0.696335 0.6035 0.495804 0.3759 0.24674 0.111504 -0.0264766 -0.163806 -0.297101 -0.423081 -0.538643 -0.640941 -0.727452 -0.796037 -0.844987 -0.873051 -0.879452 -0.86389 -0.826556 -0.768159 -0.689984 -0.593973 -0.482756 -0.35959 -0.228147 -0.0921962 0.0447122 0.179436 0.309229 0.431571 0.543984 0.643947 0.728962 0.796727 0.845323 0.873347 0.879978 0.864984 0.828705 0.772025 
0.741749 0.659201 0.560421 0.447842 0.324236 0.192646 0.056312 -0.0814083 -0.217124 -0.347493 -0.469306 -0.579562 -0.675545 -0.754886 -0.815617 -0.856213 -0.875611 -0.873227 -0.848957 -0.803197 -0.736889 -0.651579 -0.549486 -0.43349 -0.307013 -0.173767 -0.0374328 0.0986019 0.231353 0.358165 0.476536 0.583969 0.677953 0.756068 0.816166 0.856533 0.876 0.873981 0.850473 0.806033 
0.780319 0.70873 0.619689 0.51539 0.3984 0.2716 0.138112 0.00122392 -0.135695 -0.269272 -0.396219 -0.513409 -0.617955 -0.707281 -0.779178 -0.831856 -0.863972 -0.874658 -0.863519 -0.830653 -0.776674 -0.702765 -0.610742 -0.503087 -0.382899 -0.253714 -0.119233 0.016981 0.151702 0.282078 0.405514 0.519509 0.621563 0.709199 0.780107 0.832313 0.86432 0.875192 0.864577 0.832697 
0.811746 0.751684 0.673113 0.577969 0.468594 0.34768 0.218205 0.0833569 -0.0535435 -0.189125 -0.320051 -0.443095 -0.555227 -0.653686 -0.73604 -0.800249 -0.844702 -0.868246 -0.870202 -0.850373 -0.809061 -0.74711 -0.665956 -0.56768 -0.455012 -0.331225 -0.199922 -0.0647474 0.0708696 0.203853 0.331452 0.451112 0.560331 0.656617 0.737562 0.800989 0.845115 0.868669 0.870946 0.851825 
0.835793 0.787721 0.720256 0.635056 0.534219 0.420228 0.29589 0.164266 0.0285968 -0.107776 -0.241495 -0.369268 -0.487948 -0.594611 -0.686628 -0.761724 -0.81803 -0.85412 -0.869029 -0.86227 -0.833848 -0.784281 -0.714648 -0.626646 -0.522613 -0.405497 -0.278704 -0.145852 -0.0105006 0.124063 0.254893 0.379316 0.494799 0.598845 0.688995 0.762933 0.81864 0.854537 0.86958 0.863298 
0.852296 0.816564 0.760735 0.686176 0.594721 0.488623 0.370493 0.24324 0.109998 -0.0259524 -0.161264 -0.292605 -0.41674 -0.530613 -0.631417 -0.716666 -0.784246 -0.832466 -0.860083 -0.866325 -0.850901 -0.814021 -0.756428 -0.679447 -0.585032 -0.475767 -0.35478 -0.225563 -0.0917115 0.0433248 0.176395 0.304662 0.425509 0.536418 0.634905 0.71857 0.785216 0.832999 0.860554 0.867067 
0.861159 0.838003 0.794233 0.730911 0.649594 0.552282 0.441371 0.319592 0.189943 0.0556179 -0.0800771 -0.2138 -0.342259 -0.462289 -0.570935 -0.665517 -0.743698 -0.803534 -0.843513 -0.86258 -0.860156 -0.836149 -0.790984 -0.725636 -0.641681 -0.541326 -0.427372 -0.303093 -0.172022 -0.037697 0.0965527 0.227702 0.353001 0.469873 0.575813 0.668371 0.745229 0.804329 0.844021 0.863159 
0.862359 0.851896 0.820495 0.768904 0.698384 0.610669 0.507917 0.392659 0.267732 0.136213 0.00133991 -0.133566 -0.265184 -0.390271 -0.505747 -0.608768 -0.696789 -0.767633 -0.819526 -0.85114 -0.86161 -0.850553 -0.818083 -0.764845 -0.692054 -0.601539 -0.495744 -0.37766 -0.250665 -0.118292 0.0160029 0.149012 0.277821 0.39975 0.512249 0.612836 0.699114 0.768869 0.820206 0.851676 
0.855949 0.858174 0.839336 0.799859 0.740696 0.663298 0.569568 0.461814 0.342688 0.215125 0.0822639 -0.0526226 -0.186213 -0.315219 -0.436461 -0.546955 -0.643976 -0.725127 -0.78839 -0.832172 -0.855328 -0.857188 -0.837565 -0.796788 -0.735728 -0.655848 -0.559221 -0.448511 -0.326862 -0.197716 -0.0645742 0.0692067 0.200536 0.326593 0.444749 0.552484 0.647347 0.727016 0.789403 0.832794 
0.842056 0.856839 0.850639 0.823545 0.776194 0.709737 0.625806 0.526467 0.414164 0.291663 0.16198 0.0283093 -0.106059 -0.237815 -0.363716 -0.480659 -0.585764 -0.676437 -0.750432 -0.805903 -0.841434 -0.856072 -0.849339 -0.821254 -0.772364 -0.703776 -0.617197 -0.514937 -0.399851 -0.275204 -0.144459 -0.0110619 0.121738 0.250959 0.373855 0.487843 0.590429 0.679215 0.751971 0.80676 
0.820878 0.847969 0.854359 0.839801 0.804604 0.749611 0.676165 0.58607 0.481546 0.365163 0.23979 0.108512 -0.025438 -0.158761 -0.288175 -0.410493 -0.522701 -0.622033 -0.706035 -0.77262 -0.820115 -0.847289 -0.853379 -0.838105 -0.801698 -0.744929 -0.669145 -0.576293 -0.468903 -0.349992 -0.222906 -0.0911002 0.0420582 0.173426 0.300117 0.41945 0.528877 0.625943 0.708317 0.773886 
0.792683 0.831715 0.850525 0.848536 0.825722 0.782607 0.720232 0.640127 0.54426 0.434993 0.315014 0.187279 0.054932 -0.0787674 -0.210527 -0.337103 -0.455376 -0.562434 -0.655634 -0.732669 -0.791618 -0.830985 -0.849725 -0.847269 -0.823542 -0.77899 -0.714615 -0.632004 -0.533337 -0.421339 -0.299158 -0.170184 -0.0378369 0.0946055 0.224103 0.347851 0.463221 0.567704 0.658893 0.734545 
0.7578 0.808296 0.839239 0.849729 0.83941 0.808476 0.757657 0.68819 0.60178 0.500553 0.387001 0.26392 0.13434 0.00145225 -0.131471 -0.261157 -0.384412 -0.498199 -0.599714 -0.686448 -0.756249 -0.807365 -0.838481 -0.848743 -0.837778 -0.805721 -0.75324 -0.681571 -0.592537 -0.488538 -0.372466 -0.247568 -0.117245 0.0151401 0.146404 0.273602 0.393999 0.505014 0.604179 0.689154 
0.716612 0.777998 0.820673 0.843435 0.845602 0.827037 0.788149 0.72987 0.653626 0.56129 0.455133 0.337769 0.212088 0.0811849 -0.0517171 -0.183346 -0.310459 -0.429927 -0.538805 -0.634407 -0.714368 -0.776695 -0.819811 -0.842586 -0.844357 -0.824956 -0.784729 -0.724573 -0.645957 -0.550937 -0.442109 -0.322507 -0.195439 -0.0642909 0.0676458 0.197283 0.321761 0.438405 0.54468 0.638169 
0.669546 0.741167 0.795068 0.829778 0.844302 0.838176 0.811482 0.764837 0.699373 0.616692 0.518827 0.408187 0.287496 0.159727 0.0280241 -0.104369 -0.234191 -0.358246 -0.473478 -0.577046 -0.666392 -0.739299 -0.793942 -0.828921 -0.843294 -0.836596 -0.808865 -0.760666 -0.693126 -0.607949 -0.507406 -0.394268 -0.27168 -0.14298 -0.0115162 0.119501 0.247074 0.368418 0.480915 0.582076 
0.617064 0.698195 0.762727 0.808952 0.835587 0.841851 0.827498 0.792824 0.738652 0.6663 0.577546 0.474571 0.359911 0.236389 0.107046 -0.024933 -0.156298 -0.283813 -0.404339 -0.514905 -0.612784 -0.695555 -0.761156 -0.807933 -0.83467 -0.840615 -0.825504 -0.789586 -0.73365 -0.659056 -0.567732 -0.462151 -0.345233 -0.2202 -0.0903943 0.0408906 0.17053 0.295612 0.413417 0.521379 
0.559653 0.649516 0.724008 0.781217 0.819606 0.838093 0.83611 0.813628 0.771155 0.709711 0.630798 0.536356 0.428707 0.310502 0.184651 0.0542542 -0.0774788 -0.207304 -0.332023 -0.448566 -0.554057 -0.645892 -0.721795 -0.779867 -0.818628 -0.837048 -0.834571 -0.811136 -0.767211 -0.703813 -0.622526 -0.5255 -0.415384 -0.29522 -0.168278 -0.0378803 0.0927465 0.220563 0.342734 0.456602 
