116537 116537 116536 116534 116530 116524 116514 116498 116473 116436 116380 116299 116185 116029 115820 115548 115202 114772 114251 113632 112912 112089 111165 110142 109025 107821 106536 105178 103754 102272 100739 99162.2 97547.9 95901.9 94230.1 92537.5 90829.1 89109.5 87383.3 85655.1 83930.1 82213.9 80513.5 78838.4 77201.5 75622.6 74132.7 72781.5 71647.3 70834.3 70412 70273.4 70191.1 70143.5 70121.6 70124.8 70163.2 70262.7 70474.2 70881.1 71603.8 72797.7 74645.6 77344.7 81090.6 86057.4 92367.9 100052 108996 118894 129238 139373 148627 156472 162646 167163 170246 172211 173374 173995 174255 174258 174033 173540 172657 171161 168712 164862 159171 151513 142532 133733 126683 121998 119298 117881 117177 116838 116677 116677
116537
116537
116536
116534
116530
116524
116514
116498
116473
116436
116380
116299
116185
116029
115820
115548
115202
114772
114251
113632
112912
112089
111165
110142
109025
107821
106536
105178
103754
102272
100739
99162.2
97547.9
95901.9
94230.1
92537.5
90829.1
89109.5
87383.3
85655.1
83930.1
82213.9
80513.5
78838.4
77201.5
75622.6
74132.7
72781.5
71647.3
70834.3
70412
70273.4
70191.1
70143.5
70121.6
70124.8
70163.2
70262.7
70474.2
70881.1
71603.8
72797.7
74645.6
77344.7
81090.6
86057.4
92367.9
100052
108996
118894
129238
139373
148627
156472
162646
167163
170246
172211
173374
173995
174255
174258
174033
173540
172657
171161
168712
164862
159171
151513
142532
133733
126683
121998
119298
117881
117177
116838
116677
116677
116537 116537 116536 116534 116530 116524 116514 116498 116473 116436 116380 116299 116185 116029 115820 115548 115202 114772 114251 113632 112912 112089 111165 110142 109025 107821 106536 105178 103754 102272 100739 99162.2 97547.9 95901.9 94230.1 92537.5 90829.1 89109.5 87383.3 85655.1 83930.1 82213.9 80513.5 78838.4 77201.5 75622.6 74132.7 72781.5 71647.3 70834.3 70412 70273.4 70191.1 70143.5 70121.6 70124.8 70163.2 70262.7 70474.2 70881.1 71603.8 72797.7 74645.6 77344.7 81090.6 86057.4 92367.9 100052 108996 118894 129238 139373 148627 156472 162646 167163 170246 172211 173374 173995 174255 174258 174033 173540 172657 171161 168712 164862 159171 151513 142532 133733 126683 121998 119298 117881 117177 116838 116677 116677
116537 116537 116536 116534 116531 116526 116517 116502 116480 116445 116393 116318 116211 116063 115865 115604 115272 114856 114350 113747 113041 112232 111320 110308 109200 108003 106724 105369 103946 102464 100929 99348.7 97729.6 96077.9 94399.2 92698.9 90982.1 89253.4 87517.5 85779.2 84043.6 82316.5 80604.9 78918.2 77269.6 75678.7 74176.5 72813.1 71667 70844 70416 70276.6 70193.9 70146.4 70124.9 70129.4 70170.6 70276.5 70500.6 70930.2 71690.2 72940.4 74867.6 77671.4 81548.5 86670.8 93154.3 101016 110121 120136 130526 140619 149745 157402 163362 167676 170588 172422 173491 174045 174256 174213 173935 173362 172353 170657 167904 163630 157435 149345 140242 131755 125287 121159 118846 117653 117066 116785 116653 116653
