0.00667587 0.00667587 0.0122466 0.0220162 0.0387722 0.0668624 0.112865 0.186422 0.301191 0.475844 0.734958 1.10961 1.63744 2.36205 3.33154 4.59628 6.20611 8.20736 10.6399 13.535 16.9138 20.7867 25.1541 30.0072 35.3297 41.0997 47.2913 53.8762 60.825 68.1087 75.6986 83.5678 91.6906 100.043 108.603 117.35 126.263 135.324 144.512 153.807 163.185 172.617 182.067 191.484 200.791 209.871 218.537 226.483 233.222 238.103 240.68 241.579 242.157 242.548 242.821 243.014 243.151 243.247 243.313 243.355 243.38 243.39 243.389 243.379 243.361 243.337 243.306 243.271 243.231 243.186 243.135 243.079 243.016 242.946 242.865 242.771 242.656 242.51 242.311 242.021 241.574 240.852 239.65 237.625 234.206 228.485 219.1 204.227 181.929 151.303 114.37 76.9829 46.0759 25.0279 12.7162 6.20261 2.95361 1.38555 0.643058 0.643058
0.00667587
0.00667587
0.0122466
0.0220162
0.0387722
0.0668624
0.112865
0.186422
0.301191
0.475844
0.734958
1.10961
1.63744
2.36205
3.33154
4.59628
6.20611
8.20736
10.6399
13.535
16.9138
20.7867
25.1541
30.0072
35.3297
41.0997
47.2913
53.8762
60.825
68.1087
75.6986
83.5678
91.6906
100.043
108.603
117.35
126.263
135.324
144.512
153.807
163.185
172.617
182.067
191.484
200.791
209.871
218.537
226.483
233.222
238.103
240.68
241.579
242.157
242.548
242.821
243.014
243.151
243.247
243.313
243.355
243.38
243.39
243.389
243.379
243.361
243.337
243.306
243.271
243.231
243.186
243.135
243.079
243.016
242.946
242.865
242.771
242.656
242.51
242.311
242.021
241.574
240.852
239.65
237.625
234.206
228.485
219.1
204.227
181.929
151.303
114.37
76.9829
46.0759
25.0279
12.7162
6.20261
2.95361
1.38555
0.643058
0.643058
0.00667587 0.00667587 0.0122466 0.0220162 0.0387722 0.0668624 0.112865 0.186422 0.301191 0.475844 0.734958 1.10961 1.63744 2.36205 3.33154 4.59628 6.20611 8.20736 10.6399 13.535 16.9138 20.7867 25.1541 30.0072 35.3297 41.0997 47.2913 53.8762 60.825 68.1087 75.6986 83.5678 91.6906 100.043 108.603 117.35 126.263 135.324 144.512 153.807 163.185 172.617 182.067 191.484 200.791 209.871 218.537 226.483 233.222 238.103 240.68 241.579 242.157 242.548 242.821 243.014 243.151 243.247 243.313 243.355 243.38 243.39 243.389 243.379 243.361 243.337 243.306 243.271 243.231 243.186 243.135 243.079 243.016 242.946 242.865 242.771 242.656 242.51 242.311 242.021 241.574 240.852 239.65 237.625 234.206 228.485 219.1 204.227 181.929 151.303 114.37 76.9829 46.0759 25.0279 12.7162 6.20261 2.95361 1.38555 0.643058 0.643058
0.00579021 0.00579021 0.0106884 0.0193352 0.0342634 0.0594553 0.100986 0.167832 0.272825 0.433658 0.673837 1.02337 1.51896 2.20357 3.12507 4.33418 5.88169 7.81542 10.1772 13.0005 16.3087 20.1144 24.4199 29.2178 34.4929 40.2239 46.3851 52.9483 59.884 67.1624 74.7547 82.6332 90.7718 99.1459 107.733 116.511 125.461 134.561 143.793 153.135 162.564 172.05 181.556 191.032 200.401 209.547 218.281 226.297 233.105 238.046 240.659 241.563 242.144 242.538 242.812 243.005 243.142 243.238 243.304 243.346 243.37 243.38 243.379 243.368 243.349 243.324 243.293 243.257 243.216 243.169 243.118 243.06 242.995 242.922 242.839 242.74 242.618 242.461 242.244 241.924 241.423 240.605 239.24 236.934 233.044 226.558 215.99 199.428 175.049 142.491 104.759 68.4042 39.846 21.2176 10.6445 5.15243 2.44164 1.14137 0.528156 0.528156
