5.56059e-13
5.56059e-13
1.98658e-11
8.52198e-11
3.13494e-10
1.106e-09
3.73509e-09
1.22812e-08
3.9415e-08
1.23566e-07
3.78175e-07
1.12956e-06
3.2902e-06
9.34136e-06
2.58315e-05
6.95273e-05
0.00018201
0.00046306
0.00114398
0.00274198
0.0063705
0.0143327
0.0311947
0.0656111
0.133212
0.260804
0.491854
0.892717
1.55825
2.61478
4.21802
6.54456
9.77708
14.086
19.6115
26.4508
34.6521
44.2161
55.1034
67.2445
80.5497
94.9183
110.243
126.412
143.303
160.774
178.624
196.529
213.864
229.258
239.75
241.622
242.519
242.954
243.185
243.326
243.427
243.507
243.575
243.631
243.678
243.717
243.748
243.772
243.791
243.804
243.812
243.817
243.818
243.816
243.81
243.802
243.791
243.779
243.764
243.747
243.729
243.71
243.689
243.667
243.643
243.618
243.592
243.565
243.536
243.507
243.472
243.447
243.399
243.384
243.317
243.279
243.259
243.15
243.198
243.181
242.686
242.414
242.237
242.237
