12.9998
12.9998
12.9996
12.9992
12.9986
12.9976
12.9959
12.9932
12.9891
12.9827
12.9733
12.9598
12.9407
12.9145
12.8796
12.8341
12.7763
12.7048
12.6182
12.5157
12.3967
12.2612
12.1097
11.9426
11.7612
11.5665
11.3599
11.1427
10.9165
10.6826
10.4423
10.1968
9.94726
9.69478
9.44029
9.18469
8.92877
8.67331
8.41902
8.16662
7.91685
7.67054
7.42866
7.19249
6.96376
6.74508
6.54049
6.35645
6.20297
6.09308
6.03471
6.01283
5.99764
5.98611
5.97655
5.96762
5.95763
5.94382
5.92162
5.88401
5.8216
5.72359
5.57977
5.38327
5.1331
4.83558
4.50412
4.15721
3.81514
3.4966
3.21579
2.98098
2.7944
2.65329
2.55155
2.48152
2.43539
2.40618
2.38818
2.37704
2.36949
2.36301
2.35538
2.34411
2.32587
2.29589
2.24744
2.17225
2.063
1.9193
1.75502
1.59783
1.47422
1.39316
1.3469
1.32276
1.31081
1.30507
1.30235
1.30235
