0.0067293
0.0067293
0.0123403
0.0221768
0.0390414
0.0673031
0.11357
0.18752
0.302861
0.47832
0.738532
1.11463
1.64432
2.37123
3.34346
4.61136
6.22473
8.22979
10.6663
13.5655
16.9482
20.8248
25.1957
30.0518
35.377
41.1492
47.3424
53.9285
60.878
68.1619
75.7517
83.6203
91.7422
100.094
108.652
117.397
126.308
135.367
144.552
153.844
163.22
172.649
182.096
191.509
200.812
209.889
218.552
226.493
233.228
238.106
240.681
241.58
242.158
242.549
242.822
243.015
243.152
243.247
243.313
243.356
243.38
243.391
243.39
243.38
243.362
243.337
243.307
243.272
243.232
243.186
243.136
243.08
243.018
242.947
242.866
242.772
242.658
242.512
242.314
242.026
241.582
240.865
239.672
237.662
234.267
228.586
219.265
204.483
182.301
151.788
114.912
77.4802
46.4465
25.259
12.8434
6.26754
2.98538
1.40075
0.65022
0.65022
