116537
116537
116536
116534
116530
116524
116514
116498
116473
116435
116379
116298
116184
116027
115818
115545
115198
114768
114246
113626
112905
112081
111156
110133
109015
107811
106525
105167
103743
102261
100728
99151.8
97537.6
95892.1
94220.6
92528.5
90820.5
89101.4
87375.8
85648.2
83923.7
82208.1
80508.4
78833.9
77197.7
75619.5
74130.2
72779.7
71646.2
70833.8
70411.8
70273.3
70191
70143.3
70121.4
70124.6
70162.8
70261.9
70472.8
70878.4
71599
72789.9
74633.4
77326.6
81065.3
86023.4
92324.2
99998.4
108933
118824
129166
139303
148563
156419
162605
167133
170226
172198
173367
173992
174255
174260
174039
173550
172673
171187
168755
164928
159265
151633
142662
133848
126767
122049
119326
117895
117184
116841
116679
116679
