1.00997e+06
1.00997e+06
1.00994e+06
1.0099e+06
1.00982e+06
1.00969e+06
1.00947e+06
1.00912e+06
1.00858e+06
1.00776e+06
1.00655e+06
1.0048e+06
1.00233e+06
998954
994453
988605
981204
972065
961050
948070
933099
916171
897375
876848
854765
831326
806743
781233
755011
728277
701223
674019
646822
619768
592980
566563
540610
515203
490412
466304
442941
420387
398713
378008
358391
340039
323232
308414
296280
287730
283277
281694
280653
279924
279389
278985
278669
278416
278208
278033
277881
277746
277625
277513
277411
277315
277226
277143
277063
276988
276914
276840
276764
276684
276596
276496
276377
276226
276021
275723
275263
274519
273285
271213
267743
262018
252844
238844
219043
194020
166916
142577
124588
113356
107146
103965
102404
101657
101305
101305
